city	state	medianage	males	females	total_population	veterans	foreign_born	ave_hh_size	state_abbr	AmericanIndianandAlaskaNative	BlackorAfricanAmerican	HispanicorLatino	Asian	White

Wichita	Kansas	34.6	192354	197601	389955	23978	40270	2.56	KS	8791	52592	65162	25210	305910
Allen	Pennsylvania	33.5	60626	59581	120207	5691	19652	2.67	PA	1076	22304	59176	2670	74187
Danbury	Connecticut	37.3	43435	41227	84662	3752	25675	2.74	CT	1086	8454	25145	7350	55917
Nashville	Tennessee	34.1	314231	340365	654596	27942	88193	2.39	TN	5474	188844	67526	27355	432447
Stamford	Connecticut	35.4	64941	63936	128877	2269	44003	2.7	CT	1416	24329	33197	11013	85620
San Juan	Puerto Rico	41.4	155408	186829	342237	0	0	0.0	PR	4031	0	335559	2452	0
Provo	Utah	23.6	56231	59027	115258	2177	10925	3.28	UT	1916	1062	16668	4104	108471
San Marcos	California	35.4	45246	47688	92934	5189	21558	3.13	CA	821	4447	35164	11519	72061
Escondido	California	33.3	76551	74907	151458	8110	46298	3.27	CA	3151	5631	73793	14398	120781
Caguas	Puerto Rico	40.4	34743	42265	77008	0	0	0.0	PR	624	0	76349	0	0
Lancaster	California	30.9	80668	80445	161113	7892	17247	3.25	CA	2186	36007	57423	8654	110311
Gaithersburg	Maryland	35.7	32211	35234	67445	2126	28133	2.73	MD	672	12482	18721	13169	36639
Lakewood	California	39.9	41523	40069	81592	4094	18274	3.13	CA	398	6123	24987	18999	43766
Elizabeth	New Jersey	34.2	65896	63116	129012	1131	63413	3.18	NJ	797	29822	86456	3369	70873
Westminster	California	42.9	45538	46573	92111	3435	42227	3.27	CA	1022	2270	19111	46560	37593
Chico	California	29.9	46168	44168	90336	4519	8425	2.5	CA	2766	3164	15578	6101	80467
Lincoln	Nebraska	32.3	138544	138802	277346	14694	22958	2.4	NE	4281	16445	20296	15138	246677
Cincinnati	Ohio	32.7	143654	154883	298537	13699	16896	2.08	OH	3362	133430	9121	7633	162245
Pittsburgh	Pennsylvania	32.9	149690	154695	304385	17728	28187	2.13	PA	2689	82248	9266	21227	208863
Jacksonville	North Carolina	24.2	40015	27348	67363	8252	3732	2.51	NC	1741	13253	11947	4204	51245
Kansas City	Missouri	35.9	228430	246931	475361	24710	37787	2.35	MO	5796	147739	46037	17061	296623
Spokane	Washington	36.6	102756	110511	213267	18044	13253	2.34	WA	7192	10045	13365	9059	193143
Fort Worth	Texas	32.6	414126	422843	836969	39182	143404	2.88	TX	7504	167449	296133	42053	575180
Auburn	Washington	37.1	36837	39743	76580	5401	14842	2.73	WA	3042	4032	10836	12341	58293
Surprise	Arizona	39.4	62875	65567	128442	11109	9929	2.9	AZ	1883	9079	25366	3153	115419
College Station	Texas	22.9	54125	53774	107899	2471	16145	2.52	TX	605	11316	17784	10915	84892
Louisville/Jefferson County metro government	Kentucky	37.5	298451	316938	615389	39364	37875	2.45	KY	4585	151256	28712	18601	456451
Spring Valley	Nevada	37.0	96808	97147	193955	10644	61072	2.79	NV	2215	29031	40374	45059	111763
Paradise	Nevada	37.2	122784	114162	236946	14112	66712	2.65	NV	4314	25091	88347	28380	147624
Bossier City	Louisiana	32.7	33428	34669	68097	8108	2980	2.4	LA	630	19520	5589	2175	47454
Passaic	New Jersey	30.4	36505	34577	71082	693	24174	3.56	NJ	0	5230	53680	3338	30352
Yakima	Washington	34.0	45147	48553	93700	4705	15717	2.74	WA	2042	924	44172	2248	79286
Springfield	Illinois	38.8	55639	62170	117809	7525	4264	2.22	IL	1602	25327	2738	3871	90935
Virginia Beach	Virginia	35.4	222684	230061	452745	54995	38360	2.61	VA	4590	99948	36309	38715	324924
Bayonne	New Jersey	39.7	32705	33598	66303	2225	21899	2.62	NJ	0	7581	19525	7171	41431
Columbia	Maryland	37.9	52202	51265	103467	6526	23249	2.68	MD	488	30075	8033	17821	58343
Norman	Oklahoma	30.9	59483	60814	120297	5578	8705	2.47	OK	10801	6620	11732	6539	106409
Lorain	Ohio	35.6	30844	32807	63651	4905	1531	2.52	OH	904	16388	19342	308	46667
Alafaya	Florida	33.5	39504	45760	85264	4176	15842	2.94	FL	0	6577	34897	10336	63666
Federal Way	Washington	36.4	49151	46037	95188	7135	18565	2.68	WA	2396	15495	14049	16026	59035
Cranston	Rhode Island	39.9	38365	42712	81077	4702	10631	2.56	RI	839	8193	10418	5978	64806
Palm Coast	Florida	48.8	39489	42632	82121	7950	9084	2.76	FL	700	10786	8706	2479	67272
Clifton	New Jersey	38.5	41932	44409	86341	2603	27979	3.11	NJ	2417	8743	33176	5840	51516
Joliet	Illinois	33.1	70863	79162	150025	7353	22409	3.13	IL	523	27883	45291	2813	106160
Downey	California	37.3	53006	61205	114211	2281	39977	3.45	CA	535	5498	84806	9776	77220
Grand Prairie	Texas	33.1	90811	96944	187755	7073	44888	3.18	TX	1754	54934	85543	11446	113981
Evansville	Indiana	38.0	57198	60481	117679	9063	3169	2.25	IN	713	17564	3263	1376	100055
Cary	North Carolina	39.9	78932	81582	160514	7426	30008	2.61	NC	1752	15496	10327	25124	119814
Farmington Hills	Michigan	42.1	37527	43805	81332	3650	18033	2.41	MI	313	13483	2052	10759	57815
Napa	California	37.2	39828	40601	80429	4678	18449	2.84	CA	1751	675	33229	3593	57837
Cicero	Illinois	28.5	43153	40714	83867	629	33801	3.89	IL	964	2865	76425	1193	30824
Beaumont	Texas	31.6	57326	60784	118110	7584	10516	2.47	TX	908	58008	18815	4079	53597
Sparks	Nevada	36.1	47780	48318	96098	7315	15690	2.63	NV	2019	4226	29159	7915	78737
Roswell	Georgia	38.8	48637	45859	94496	3325	16501	2.7	GA	585	15458	16920	7240	69857
Boston	Massachusetts	31.8	322149	347320	669469	18350	190123	2.38	MA	5580	189347	130656	69976	378543
Irving	Texas	32.3	117189	119428	236617	6207	86756	2.78	TX	2960	30356	97862	49421	132779
Tracy	California	35.5	43156	43937	87093	3025	25410	3.42	CA	2120	5241	32810	16856	58041
Manchester	New Hampshire	37.3	54845	55378	110223	5473	14506	2.4	NH	558	6896	11962	4304	100108
New Braunfels	Texas	37.0	33071	36852	69923	5204	5405	2.85	TX	648	3471	22522	1610	63789
Town n Country	Florida	38.1	39410	39586	78996	4534	22135	2.61	FL	1622	9575	37944	3347	64441
Henderson	Nevada	42.5	139412	146246	285658	25045	35666	2.55	NV	3036	18816	47154	24931	234301
Elk Grove	California	36.1	80057	86833	166890	7762	38693	3.34	CA	2020	20185	28781	59424	86909
Chula Vista	California	34.6	131485	134269	265754	12368	82710	3.32	CA	1652	15641	156522	48506	183753
Waukesha	Wisconsin	35.8	36263	35713	71976	3116	4982	2.35	WI	481	1923	9713	2904	66757
Salinas	California	30.4	77765	79621	157386	4020	58693	3.72	CA	2855	3391	121196	11227	95283
Racine	Wisconsin	33.7	39314	38423	77737	4650	4403	2.56	WI	1371	20014	18215	1175	52445
Springfield	Massachusetts	31.8	74744	79592	154336	5723	16226	2.81	MA	2087	35284	69209	5606	97171
Lee's Summit	Missouri	36.8	48353	46715	95068	6624	3803	2.68	MO	1251	7100	4504	3013	82915
Billings	Montana	36.3	52705	57565	110270	9121	3206	2.4	MT	6066	2200	7526	1873	102522
Hammond	Indiana	36.0	38923	38687	77610	4144	9224	2.61	IN	1509	20442	25320	1540	41705
Pasadena	California	37.6	67712	74534	142246	4618	40779	2.63	CA	2161	15909	52717	22794	76525
Loveland	Colorado	37.6	37042	38146	75188	5667	3050	2.53	CO	1029	950	13567	1549	71538
Aurora	Colorado	34.2	177899	180971	358870	25158	65816	2.82	CO	8277	61894	109396	24673	239803
Las Vegas	Nevada	37.5	310568	313201	623769	42397	127609	2.79	NV	8456	84987	204913	55745	429142
Newport News	Virginia	32.8	88385	94000	182385	18896	12589	2.46	VA	2201	79245	15780	8275	95151
Shreveport	Louisiana	35.2	93138	103856	196994	14287	5658	2.53	LA	1647	112923	5081	4033	79319
Garden Grove	California	37.8	86779	88605	175384	4316	80677	3.66	CA	1713	1840	66038	71737	66782
Miami Beach	Florida	42.5	48090	44221	92311	2265	49908	2.1	FL	0	4013	47446	2772	72180
Peoria	Arizona	36.9	80139	91103	171242	13019	14260	2.97	AZ	3108	8514	41129	6631	151232
Tempe	Arizona	28.8	91350	84476	175826	7058	26620	2.44	AZ	4636	11293	44404	17338	130346
Wilmington	Delaware	36.4	32680	39277	71957	3063	3336	2.45	DE	414	44182	5516	1193	23743
Sterling Heights	Michigan	39.6	64985	67077	132062	6970	34313	2.66	MI	0	8054	2811	12264	112743
Hialeah	Florida	43.0	111530	125552	237082	1844	170148	3.31	FL	0	5687	227508	1149	219991
Gulfport	Mississippi	35.1	33108	38764	71872	6646	3072	2.54	MS	0	27799	4247	1723	42870
Tuscaloosa	Alabama	29.1	47293	51045	98338	3647	4706	2.67	AL	261	42331	2475	2733	52603
League City	Texas	35.9	49354	48996	98350	6484	8361	2.72	TX	0	4166	14868	8163	86012
Sioux Falls	South Dakota	34.6	86596	84934	171530	8658	12934	2.38	SD	4623	10904	9388	4689	149298
Goodyear	Arizona	38.6	36711	42292	79003	7650	11774	2.97	AZ	1301	8678	21603	5701	63493
Plymouth	Minnesota	38.4	39035	36893	75928	4158	8830	2.46	MN	760	6938	3274	5561	63872
Bakersfield	California	30.6	182154	191473	373627	12284	71575	3.23	CA	7357	34240	180241	31929	272853
Fargo	North Dakota	30.7	60560	58690	119250	6154	9428	2.18	ND	3102	6477	3567	4646	107349
Weston	Florida	38.6	32956	36991	69947	1507	30876	3.34	FL	128	3697	36687	4130	61021
Los Angeles	California	35.0	1958998	2012898	3971896	85417	1485425	2.86	CA	63758	404868	1936732	512999	2177650
Mount Vernon	New York	38.5	31876	36745	68621	2064	23777	2.85	NY	356	49830	9446	1497	13106
Denton	Texas	28.7	62478	68569	131047	6352	18451	2.66	TX	1857	15542	29350	7061	106278
Wilmington	North Carolina	35.5	52346	63601	115947	5908	7401	2.24	NC	742	23578	6811	3152	89270
Concord	North Carolina	35.7	42732	44961	87693	4621	8847	2.72	NC	216	19027	11301	3566	60500
Newark	New Jersey	34.6	138040	143873	281913	5829	86253	2.73	NJ	2268	144961	100432	7349	76402
Peoria	Illinois	33.1	56229	62432	118661	6634	7517	2.4	IL	1343	36333	6874	6989	77074
O'Fallon	Missouri	36.0	41762	43270	85032	5783	3269	2.77	MO	685	5136	2583	3447	77049
Hampton	Virginia	35.5	66214	70240	136454	19638	6204	2.48	VA	2534	70303	7513	4561	61753
Lakewood	Colorado	37.7	76013	76576	152589	9988	14169	2.29	CO	2597	2679	33630	7340	139669
Mesa	Arizona	36.9	234998	236835	471833	31808	57492	2.68	AZ	16044	22699	131425	14608	413010
Bryan	Texas	29.4	41761	40345	82106	3602	12014	2.55	TX	3557	11914	29647	2688	59742
Garland	Texas	34.5	116406	120430	236836	10407	62975	3.12	TX	3083	40507	90989	27217	154484
Flint	Michigan	35.3	48984	49313	98297	3757	2138	2.38	MI	1508	55137	2525	657	44786
Tacoma	Washington	37.7	100914	107036	207950	19040	31863	2.48	WA	5549	30914	25764	26909	149859
Waterbury	Connecticut	36.2	52235	56572	108807	3493	19967	2.71	CT	492	26972	38222	4080	69075
Eagan	Minnesota	36.8	31587	34701	66288	2699	8642	2.49	MN	684	8032	4328	6923	52612
Fort Smith	Arkansas	34.9	43346	44849	88195	3408	13177	2.44	AR	2993	9851	17104	6228	66004
Carmichael	California	41.0	29281	33934	63215	4225	7378	2.39	CA	2603	4675	9291	4205	55862
Daly City	California	39.7	53817	52757	106574	3782	56640	3.26	CA	893	5401	24316	61918	25522
Murrieta	California	35.3	49363	60453	109816	7242	19875	3.3	CA	2327	9259	32944	16041	77700
Brentwood	New York	34.2	31395	32397	63792	1492	27058	4.98	NY	4242	8619	40111	1647	46347
Quincy	Massachusetts	41.0	44129	49500	93629	4147	32935	2.39	MA	351	3917	2566	30473	58723
Boulder	Colorado	29.0	56342	51000	107342	4061	12993	2.24	CO	767	1615	9795	8772	98243
Evanston	Illinois	36.8	34146	41377	75523	2058	15003	2.29	IL	544	11671	9075	8800	54496
Dothan	Alabama	38.9	32172	35364	67536	6334	1699	2.59	AL	656	23243	1704	1175	43516
Antioch	California	34.0	54733	55809	110542	5681	24942	3.31	CA	3462	23227	35563	14333	51151
Madison	Wisconsin	30.7	122596	126360	248956	9707	30090	2.23	WI	2296	20424	19697	23937	204302
Victorville	California	30.6	60989	61247	122236	7484	21959	3.47	CA	5305	26747	60569	7755	86648
Sandy Springs	Georgia	35.4	48570	56777	105347	3015	19837	2.4	GA	1574	15420	13670	7909	78835
Iowa City	Iowa	25.5	37089	37138	74227	2047	9202	2.36	IA	610	7219	4072	5533	59839
Largo	Florida	45.1	38166	42841	81007	8310	10489	2.28	FL	881	5860	9561	3249	73502
Kalamazoo	Michigan	26.4	37175	38865	76040	3048	3482	2.36	MI	954	19194	4114	2429	56866
Round Rock	Texas	34.9	56646	59193	115839	6804	18237	3.13	TX	1551	13636	37151	9685	92278
Richmond	California	35.3	52615	57100	109715	3611	42215	2.87	CA	2348	27434	45132	20082	36074
Columbia	Missouri	26.8	56544	62554	119098	4548	10729	2.37	MO	1713	15489	4956	8673	96067
Sandy	Utah	34.6	46923	46689	93612	3451	6691	3.22	UT	507	522	6832	5657	85130
Hoover	Alabama	38.5	38040	46799	84839	4819	8229	2.58	AL	0	18191	3430	4759	61869
Fullerton	California	34.5	69549	71300	140849	5394	43404	2.97	CA	1668	5241	53459	33937	92216
Rapid City	South Dakota	39.5	36122	37446	73568	7429	2375	2.31	SD	9159	2217	2971	2170	63983
Newport Beach	California	46.8	43161	43970	87131	4847	15318	2.4	CA	423	0	8127	10017	74814
Columbus	Georgia	33.7	98785	101794	200579	21747	10376	2.62	GA	1343	95366	15180	7039	97436
Albany	Georgia	33.3	31695	39414	71109	5409	861	2.38	GA	445	53440	1783	650	17160
Jurupa Valley	California	33.8	49430	50884	100314	3833	25338	3.87	CA	1554	3091	66525	4992	58201
Providence	Rhode Island	29.9	89090	90114	179204	4933	53532	2.72	RI	4171	30638	77968	13432	97885
Decatur	Illinois	40.4	34646	38210	72856	5291	1224	2.23	IL	265	17939	1709	1343	56231
Scranton	Pennsylvania	38.5	37975	39137	77112	5059	8069	2.39	PA	0	6256	11301	4722	66875
Anaheim	California	33.6	179603	171135	350738	9796	137133	3.45	CA	2489	9775	201593	53270	259820
Rochester	New York	31.4	100135	109673	209808	7288	17735	2.36	NY	4856	93072	38004	8748	105636
Buffalo	New York	33.1	124537	133529	258066	11231	24630	2.27	NY	4406	101254	29656	14518	130078
Richmond	Virginia	33.6	104793	115496	220289	12538	15741	2.29	VA	4902	109722	14259	6626	104568
Santa Ana	California	30.8	167503	167920	335423	4735	152999	4.58	CA	4838	5813	262436	37651	163096
Sunnyvale	California	35.7	79480	72280	151760	3900	71441	2.74	CA	1179	4210	25638	69472	71463
Augusta-Richmond County consolidated government	Georgia	33.7	94662	101917	196579	19085	7915	2.67	GA	1667	112271	9068	4429	77940
Milwaukee	Wisconsin	31.6	286315	313839	600154	20615	58321	2.51	WI	10813	248149	110335	24832	297038
Conroe	Texas	31.5	34907	33685	68592	4871	13839	2.65	TX	707	6713	23863	2302	57480
Savannah	Georgia	30.3	69389	76295	145684	9717	10355	2.57	GA	2116	82307	9734	5366	57690
German	Maryland	34.9	41115	43007	84122	2443	27877	2.95	MD	1232	22273	18202	15921	43330
Costa Mesa	California	34.8	59097	54089	113186	4095	26645	2.59	CA	1961	2925	38239	9165	87320
New Haven	Connecticut	29.9	63765	66545	130310	2567	25871	2.48	CT	2205	43356	43563	7966	56251
Westland	Michigan	39.9	37742	44253	81995	4756	6429	2.41	MI	429	16422	2827	4843	60576
Waldorf	Maryland	33.6	35640	39872	75512	6932	5954	2.69	MD	1918	47334	4810	4100	26788
Cedar Rapids	Iowa	36.2	63109	67296	130405	7823	5404	2.32	IA	1243	11921	5328	5406	116851
Troy	Michigan	43.3	42371	40905	83276	2975	21004	2.59	MI	1677	5294	2400	22721	56175
Kirkland	Washington	40.8	42159	45108	87267	5156	18570	2.3	WA	1155	1041	6720	15277	70491
Santa Barbara	California	37.8	45068	46784	91852	4518	19441	2.51	CA	1560	2013	31102	4964	73659
Lake Forest	California	40.3	41515	40982	82497	3748	20784	2.76	CA	1482	3526	17410	16690	59846
Chino	California	36.5	50989	34610	85599	4186	18666	3.62	CA	4790	6815	45495	12948	44543
Tucson	Arizona	33.6	264893	266781	531674	38182	82220	2.45	AZ	24409	33900	231025	24689	404342
Boise	Idaho	34.9	110099	108181	218280	16004	13409	2.61	ID	4046	4413	19480	9806	204913
Metairie	Louisiana	41.6	69515	76943	146458	7187	19871	2.39	LA	438	17263	19703	4791	124270
Moreno Valley	California	30.7	98584	105597	204181	8529	54442	3.9	CA	1843	35550	120610	11912	90391
Wyoming	Michigan	32.8	35967	39310	75277	3447	8612	2.65	MI	2444	8839	15325	3227	58989
Frisco	Texas	37.2	73989	80399	154388	6297	30913	3.05	TX	2947	10821	17093	30341	111477
Waterloo	Iowa	37.2	34488	33969	68457	4800	5082	2.42	IA	467	11815	4961	1636	51252
Oakland	California	35.7	203827	215451	419278	12159	113896	2.56	CA	8380	118228	114054	75446	171599
Jonesboro	Arkansas	32.6	35666	38240	73906	3682	3222	2.44	AR	2109	14599	4614	1282	56626
Springfield	Missouri	34.1	81057	85741	166798	12291	7765	2.12	MO	2777	10026	7100	5725	151686
Mission	Texas	32.9	40530	42777	83307	2383	22608	3.51	TX	0	0	73367	3075	77985
Midland	Texas	32.1	66595	66355	132950	5753	17061	2.78	TX	1922	10379	58677	3279	115958
Lansing	Michigan	31.4	54333	59777	114110	5327	8371	2.39	MI	5254	34196	14245	4168	75688
Springdale	Arkansas	31.8	36840	43614	80454	3397	19969	3.04	AR	547	1859	30200	1422	56843
Bay	Texas	32.9	37977	37508	75485	3478	13192	2.59	TX	2167	16782	31672	2819	48797
Apple Valley	California	34.3	32873	39312	72185	5714	5801	3.03	CA	1446	9124	25928	2281	60767
Brockton	Massachusetts	35.2	46273	49041	95314	3036	27313	2.88	MA	881	43646	10890	2528	40110
Poinciana	Florida	34.2	38142	35801	73943	2933	14349	3.93	FL	1593	24750	37382	1409	45622
Davis	California	26.3	33493	34163	67656	2176	13997	2.69	CA	779	2081	9041	17816	47997
Saint Louis	Missouri	35.0	153026	162659	315685	17060	21802	2.16	MO	2746	151030	12261	12209	155574
Lehigh Acres	Florida	34.3	57856	61624	119480	5551	31880	3.55	FL	1675	29998	42092	1853	86328
Framingham	Massachusetts	40.3	35442	35768	71210	2625	19070	2.49	MA	849	6944	13000	5993	52205
Waco	Texas	29.3	63452	68890	132342	10716	14235	2.57	TX	794	29883	40585	4230	96958
Bellingham	Washington	30.7	41286	43857	85143	4703	8713	2.44	WA	2056	2325	6966	8010	74183
Maple Grove	Minnesota	38.6	31780	36601	68381	2943	7645	2.64	MN	549	2951	1685	6088	59683
Torrance	California	41.2	73209	75259	148468	8459	43096	2.7	CA	3638	5906	25699	54317	80498
Scottsdale	Arizona	46.9	115712	121132	236844	16798	27207	2.17	AZ	7003	5279	24766	11555	205512
San Diego	California	34.5	693826	701081	1394907	92489	373842	2.73	CA	16496	111650	425414	267222	949388
Centreville	Virginia	36.0	34749	37033	71782	3779	27797	2.97	VA	355	6724	9613	25058	39129
Ellicott City	Maryland	42.4	34406	36526	70932	3856	17587	2.73	MD	396	6089	1602	22551	43537
Urban Honolulu	Hawaii	41.4	176807	175959	352766	23213	101312	2.69	HI	5592	11781	24586	240978	110508
Phoenix	Arizona	33.8	786833	776168	1563001	72388	300702	2.89	AZ	41748	132939	669914	66403	1161455
Independence	Missouri	38.6	54348	62907	117255	10220	4911	2.33	MO	1883	10394	12236	558	98940
McKinney	Texas	35.6	77339	85548	162887	8082	25760	2.91	TX	1801	16689	31705	13882	129192
Fontana	California	29.5	100644	106828	207472	4076	61448	4.15	CA	2656	16986	156134	14281	85044
Nashua	New Hampshire	38.3	42926	45049	87975	5532	12693	2.46	NH	655	4147	10511	9685	73977
Indianapolis	Indiana	34.1	410615	437808	848423	42186	72456	2.53	IN	8656	253932	83426	29307	553665
Fall River	Massachusetts	39.3	43314	45456	88770	4143	14775	2.21	MA	1481	6389	9081	1891	77242
Yuba City	California	34.5	33654	33290	66944	4706	18032	2.9	CA	2163	1912	20890	15065	48746
Pearland	Texas	33.9	52336	59329	111665	5621	16882	3.0	TX	851	23779	26460	14683	73349
Palatine	Illinois	38.0	36506	32763	69269	2629	21760	2.69	IL	0	1822	18626	8145	46246
San Angelo	Texas	32.8	49669	50744	100413	8412	7859	2.5	TX	548	6079	42494	1658	86655
Murfreesboro	Tennessee	30.2	60704	65417	126121	5199	8948	2.6	TN	1339	22651	8840	7265	97270
Bk	California	37.0	50405	54909	105314	4048	32435	2.52	CA	1639	4729	22089	14636	79582
Jacksonville	Florida	35.7	419203	448828	868031	75432	85650	2.62	FL	8177	282692	80064	50895	543582
Olathe	Kansas	33.0	65046	69270	134316	6042	11913	2.97	KS	1872	9518	16131	6288	120282
Redlands	California	36.2	33993	37035	71028	3445	8681	2.82	CA	811	6973	19698	6255	55241
Franklin	Tennessee	38.3	34991	37644	72635	3303	6876	2.73	TN	0	7749	4916	3911	61459
Norwalk	Connecticut	42.4	40880	47603	88483	2877	22328	2.7	CT	552	15129	24682	2954	67844
Nampa	Idaho	31.4	45651	44199	89850	4736	6607	2.98	ID	2167	1600	22066	1486	80776
San Clemente	California	45.2	34076	31456	65532	3970	8109	2.64	CA	0	251	10421	4296	58849
Redwood City	California	37.1	42676	42624	85300	2430	27652	2.64	CA	664	2758	29011	14873	51019
Gilbert	Arizona	33.2	116711	130812	247523	10817	24531	3.2	AZ	5965	9076	39937	19740	211322
Cheektowaga	New York	40.7	37476	38599	76075	5408	3532	2.3	NY	0	10562	1994	1584	63541
Santa Clara	California	35.2	63278	62938	126216	4426	52281	2.75	CA	1354	4580	22402	58360	55847
Plano	Texas	38.1	138565	145054	283619	11719	74030	2.65	TX	3771	25217	42959	59958	195220
Merced	California	29.7	40048	42392	82440	3723	16348	3.15	CA	2331	6464	43684	9911	42475
Oshkosh	Wisconsin	33.0	32905	33652	66557	3809	2348	2.3	WI	237	2778	1972	3182	60210
Salem	Oregon	35.4	80839	83704	164543	9685	19668	2.69	OR	7678	3770	39414	6076	148650
Arden-Arcade	California	41.5	47596	48680	96276	6511	13458	2.18	CA	2587	13647	15273	7355	69369
Pasadena	Texas	31.5	78827	74959	153786	5735	38072	2.95	TX	1993	6204	105871	1570	140240
Livonia	Michigan	47.4	45369	49264	94633	5397	7175	2.52	MI	445	4633	1772	2719	87383
Lowell	Massachusetts	33.4	54422	56298	110720	3764	33414	2.8	MA	868	7310	22095	28944	68838
Glen Burnie	Maryland	36.5	33398	36461	69859	5298	6971	2.58	MD	708	17010	9137	3194	49982
Hesperia	California	29.4	43588	49698	93286	3739	16667	3.52	CA	1712	4889	53765	2131	78718
Ogden	Utah	31.3	44323	41127	85450	5080	12791	2.68	UT	1717	2620	28275	1911	74960
Hemet	California	36.8	38622	45251	83873	5613	13330	2.97	CA	2288	7650	37448	3697	67817
Whittier	California	36.1	44397	43039	87436	2790	17145	3.11	CA	680	1262	61249	3503	49388
Toms River	New Jersey	43.7	43864	43886	87750	5042	6852	2.71	NJ	251	3703	10267	4691	79538
Charlotte	North Carolina	34.3	396646	430475	827121	36046	128897	2.52	NC	8746	301568	113731	55399	446795
Dale City	Virginia	33.4	35984	35415	71399	6085	22306	3.65	VA	548	18074	23868	9251	34640
Casas Adobes	Arizona	44.8	30890	34375	65265	6601	7024	2.24	AZ	2047	1854	13609	3009	58956
Fort Collins	Colorado	29.6	80893	80288	161181	8425	9704	2.45	CO	3271	3176	15521	7913	150568
Yorba Linda	California	45.5	31960	36006	67966	3171	15532	3.0	CA	211	1326	10599	17616	49980
Hayward	California	34.3	78152	80148	158300	4385	60970	3.32	CA	2178	20219	64880	46285	74800
San Mateo	California	39.3	50966	52558	103524	2730	34957	2.64	CA	682	2880	23151	30573	62656
Woodbury	Minnesota	37.7	31982	35868	67850	2732	9477	2.72	MN	0	6054	3258	7758	56216
Dearborn	Michigan	33.5	46482	48698	95180	3163	23920	3.04	MI	713	3699	3533	4134	88742
Ann Arbor	Michigan	28.1	58789	58281	117070	3614	20717	2.17	MI	1935	9577	5888	18797	90173
Bayamón	Puerto Rico	39.4	80128	90131	170259	0	0	0.0	PR	0	0	169155	0	0
East Los Angeles	California	32.6	60460	59206	119666	1101	49575	3.75	CA	778	508	116211	1053	48980
South Bend	Indiana	32.4	50483	53274	103757	3708	8779	2.72	IN	411	30005	16462	1788	71391
Carson	California	40.4	43790	49506	93296	4273	33860	3.7	CA	2119	19947	32938	31706	28801
Port Saint Lucie	Florida	42.1	84069	95341	179410	12416	34003	2.91	FL	1536	32986	34240	7967	135049
Asheville	North Carolina	37.9	42100	46407	88507	4973	6630	2.18	NC	496	9078	4146	1939	77979
Washington	District of Columbia	33.8	319705	352523	672228	25963	95117	2.24	DC	6130	328786	71129	35072	285402
Temple	Texas	33.6	33512	38785	72297	7333	3968	2.59	TX	1615	14747	21372	1781	54698
New York	New York	36.0	4081698	4468707	8550405	156961	3212500	2.68	NY	90923	2192248	2485125	1304564	3835726
Overland Park	Kansas	38.2	93355	93156	186511	10461	21407	2.41	KS	1264	10685	10104	17123	161153
Baldwin Park	California	35.8	38747	38309	77056	780	34322	4.13	CA	316	1560	56282	15505	36890
Union City	California	38.5	38599	35911	74510	1440	32752	3.46	CA	243	5508	13207	44849	16845
Lakeland	Florida	38.1	47840	56570	104410	7390	11592	2.56	FL	288	25111	16501	3348	75636
Eau Claire	Wisconsin	32.0	32327	35106	67433	3261	2833	2.4	WI	876	725	1488	4202	62194
Laguna Niguel	California	45.8	30193	35619	65812	2648	12571	2.58	CA	0	881	9203	8499	55919
Kennewick	Washington	32.0	38492	40411	78903	5158	8376	2.78	WA	1101	2887	19395	4252	65228
Canton	Ohio	33.4	34476	37419	71895	3404	2204	2.32	OH	358	21353	3597	0	53571
Rockford	Illinois	36.3	71076	78270	149346	8894	18323	2.52	IL	2301	33122	28923	5500	107148
Somerville	Massachusetts	31.0	41028	39306	80334	2103	22292	2.43	MA	374	7140	8790	9498	62927
Modesto	California	35.2	104852	106405	211257	9855	39613	2.97	CA	4388	9869	85141	19417	166618
Southfield	Michigan	41.6	31369	41808	73177	4035	4011	2.27	MI	983	54200	573	1345	18296
Portland	Oregon	36.7	313516	318671	632187	29940	86041	2.43	OR	15314	45914	61064	64386	524258
Westminster	Colorado	37.8	54866	58251	113117	6512	11361	2.63	CO	1444	3228	23355	8668	100084
North Little Rock	Arkansas	33.6	31671	34835	66506	4130	2787	2.62	AR	713	30766	4860	0	34118
Yonkers	New York	38.0	96580	104538	201118	4801	61247	2.8	NY	1112	38731	73608	13981	129492
Atlanta	Georgia	33.8	223960	239915	463875	18572	32016	2.15	GA	4606	245367	18653	24268	196316
Cambridge	Massachusetts	31.5	55421	54981	110402	2495	27757	2.06	MA	906	11880	9433	18441	80551
Edinburg	Texas	29.3	39422	45079	84501	2409	16569	3.31	TX	0	0	74698	812	77560
Glendale	California	42.1	98181	102844	201025	4448	111510	2.69	CA	474	4619	30807	42070	146718
Abilene	Texas	31.3	65212	60664	125876	9367	8129	2.64	TX	1813	14449	33222	2929	95487
Bismarck	North Dakota	38.0	34675	35565	70240	4145	2064	2.11	ND	4040	1700	1667	930	64719
Lawton	Oklahoma	31.1	51099	45560	96659	11572	6123	2.72	OK	10027	25767	13780	5173	63948
Fremont	California	38.3	114383	117808	232191	4629	109427	3.12	CA	1606	7762	29594	141953	67294
Redding	California	38.8	42530	49049	91579	6926	5181	2.42	CA	4352	2112	9143	5271	81244
Johnson City	Tennessee	38.2	31019	34350	65369	5038	2878	2.18	TN	400	6016	1114	1877	59147
San Tan Valley	Arizona	31.3	40429	42368	82797	4300	5757	3.44	AZ	3941	2027	18733	1378	75429
Deerfield Beach	Florida	41.4	37155	42614	79769	3882	23642	2.46	FL	698	25344	12729	1428	53037
Alexandria	Virginia	36.6	74989	78522	153511	10635	44030	2.2	VA	1133	37168	25573	13315	106215
Portland	Maine	40.3	31480	35392	66872	3666	9229	2.13	ME	662	5750	2031	3696	59722
Warren	Michigan	43.2	64063	71293	135356	7806	18822	2.45	MI	1516	29391	3210	12156	96357
Fresno	California	30.0	256130	263942	520072	18410	103453	3.12	CA	11380	46072	256145	75318	325651
Kissimmee	Florida	36.7	33283	35869	69152	2449	16879	3.01	FL	0	6623	44120	2634	51123
Chattanooga	Tennessee	36.6	83640	92957	176597	10001	10599	2.4	TN	1092	59918	10918	4602	114140
Ontario	California	31.0	85059	86141	171200	4816	48557	3.52	CA	4304	12900	118292	14313	74765
Newton	Massachusetts	42.3	41985	46824	88809	1814	21692	2.71	MA	244	2925	4790	15666	69380
Frederick	Maryland	36.1	33146	36336	69482	3870	14211	2.48	MD	1333	13372	13065	5711	49181
Visalia	California	32.6	63695	66399	130094	5547	20779	3.11	CA	2113	2525	63482	11523	107322
Clarksville	Tennessee	29.7	75029	74161	149190	20803	8211	2.64	TN	2338	39445	16004	6348	104626
Saint George	Utah	37.3	38732	41475	80207	4443	4824	2.81	UT	2406	1376	10829	1649	71915
Davie	Florida	40.8	48754	52140	100894	4655	26532	2.72	FL	464	11005	35311	4581	79832
Clearwater	Florida	47.0	55225	57754	112979	10631	17686	2.4	FL	867	12369	17211	2434	97195
Pittsburg	California	34.5	33309	36118	69427	2109	21043	3.15	CA	2253	14931	28605	13981	25996
Medford	Oregon	38.6	39606	40189	79795	6632	6185	2.65	OR	1239	1201	14294	2135	75464
North Richland Hills	Texas	39.9	35257	33948	69205	5175	7854	2.64	TX	1127	5439	10195	5295	58258
Skokie	Illinois	43.4	31382	33437	64819	1066	27424	2.78	IL	0	4937	6590	20272	40642
Missouri City	Texas	37.2	34932	36846	71778	4274	18556	3.03	TX	0	28070	10007	17854	20590
Miramar	Florida	36.6	66157	70958	137115	3077	57179	3.41	FL	0	65840	46767	12084	58914
West Jordan	Utah	30.8	57898	54044	111942	3577	11492	3.46	UT	1211	3179	21315	3539	100150
The Woodlands	Texas	38.8	56083	63061	119144	8351	21188	2.93	TX	2427	6420	19574	8828	106202
Rochester Hills	Michigan	41.2	36356	37076	73432	3053	13708	2.66	MI	348	3514	3395	8092	62170
Longmont	Colorado	36.8	43941	48280	92221	4925	10424	2.63	CO	1682	1782	24846	2255	85853
Suffolk	Virginia	38.2	43048	45113	88161	10114	2829	2.72	VA	504	39107	3539	2248	46458
Colorado Springs	Colorado	34.8	225544	231018	456562	49291	35320	2.48	CO	11146	38976	78711	22619	374900
Lewisville	Texas	31.6	52776	52032	104808	4211	24865	2.78	TX	1371	16948	31757	12412	70278
Portsmouth	Virginia	33.6	45900	50301	96201	10261	1815	2.54	VA	1584	52972	3896	1785	43004
Santa Maria	California	30.1	53320	51762	105082	2876	39192	3.83	CA	1575	1237	81551	5058	90403
Mount Pleasant	South Carolina	42.7	39429	41880	81309	3981	4701	2.53	SC	0	3730	2569	1827	75908
Saint Petersburg	Florida	41.8	123524	133564	257088	20247	28567	2.42	FL	2716	67798	20483	10893	179121
Schaumburg	Illinois	36.9	35971	39840	75811	2019	24614	2.72	IL	633	2071	12545	21571	43688
Manteca	California	35.3	37053	38397	75450	3936	13942	3.25	CA	2861	6279	31552	8172	56156
Birmingham	Alabama	35.6	102122	112789	214911	13212	8258	2.21	AL	1319	157985	8940	1500	51728
Spokane Valley	Washington	36.0	49933	44975	94908	7984	4199	2.39	WA	2473	1192	5110	1336	91125
Rockville	Maryland	38.1	31205	35793	66998	1990	25047	2.6	MD	594	7533	9197	17370	41692
Knoxville	Tennessee	33.1	89978	95334	185312	10897	10285	2.21	TN	2304	35049	8640	4717	145055
Vallejo	California	37.8	58379	62890	121269	8103	30592	2.83	CA	1671	26778	28977	34753	56169
San Francisco	California	38.3	439752	425064	864816	26276	297199	2.37	CA	8997	53270	132114	324034	442155
Muncie	Indiana	27.4	32446	37255	69701	2968	1062	2.35	IN	203	10482	2499	0	59962
Mesquite	Texas	34.6	69240	75884	145124	6438	26755	2.96	TX	2564	37339	56753	4496	98597
Rio Rancho	New Mexico	38.3	47251	46904	94155	8527	5200	2.86	NM	4857	3970	38674	2374	73022
Denver	Colorado	34.1	341137	341408	682545	29363	113222	2.33	CO	14008	72288	207847	32491	546370
Greeley	Colorado	31.0	50792	50091	100883	4294	11480	2.75	CO	2449	2856	39271	2202	92874
Tustin	California	33.4	39511	41052	80563	2434	25034	3.27	CA	538	2954	33998	16074	39660
Fort Wayne	Indiana	34.7	124815	133329	258144	13539	19146	2.45	IN	3577	46319	21234	13596	204114
Dayton	Ohio	32.8	66631	73966	140597	8465	7381	2.26	OH	2010	57280	4945	1885	86016
Redondo Beach	California	43.0	34855	33330	68185	3014	13536	2.34	CA	1007	2234	8858	13118	53811
Shawnee	Kansas	40.1	32313	32745	65058	3575	4136	2.64	KS	485	7296	4864	3093	55883
Bethlehem	Pennsylvania	35.1	35861	38506	74367	4704	6295	2.46	PA	0	7821	23409	3759	64526
Compton	California	30.1	49264	49184	98448	897	30660	4.08	CA	298	26395	67523	1732	53919
Buena Park	California	35.7	41593	41671	83264	3116	28430	3.55	CA	361	901	32915	24624	48412
Tampa	Florida	35.3	175517	193511	369028	20636	58795	2.47	FL	2915	92156	95154	15814	257552
Rialto	California	31.6	49902	53235	103137	2036	32741	3.83	CA	1065	11800	78571	4103	74551
Pomona	California	32.1	74945	78307	153252	3251	53879	3.63	CA	3866	10774	108787	17646	94296
Arlington	Virginia	34.4	113981	115183	229164	12719	55205	2.19	VA	845	22372	35911	28595	171673
Kenosha	Wisconsin	36.3	49349	50507	99856	6238	7443	2.55	WI	1264	11915	18772	2537	84780
Longview	Texas	36.8	40065	41525	81590	5512	8782	2.55	TX	253	19904	17614	1810	60997
Detroit	Michigan	34.8	319265	357859	677124	29511	39861	2.6	MI	6007	545988	53980	10804	104260
Mountain View	California	33.5	42493	37945	80438	1376	31857	2.46	CA	577	1974	16397	23884	51400
Omaha	Nebraska	34.2	218789	225098	443887	24503	48263	2.47	NE	6318	64223	63516	19105	353417
Athens-Clarke County unified government	Georgia	26.5	57415	65148	122563	3953	12868	2.44	GA	593	34583	13159	6635	79931
Union City	New Jersey	35.4	35376	33773	69149	705	40553	2.85	NJ	545	4686	53174	4044	50031
New Britain	Connecticut	33.4	37350	35459	72809	2219	15080	2.52	CT	0	9873	30188	2297	56431
El Cajon	California	32.7	54450	49238	103688	7103	31865	3.14	CA	1891	7534	31542	4561	84703
Kenner	Louisiana	36.9	33993	33113	67106	2485	12352	2.57	LA	158	17172	17769	2729	44863
Pleasanton	California	41.3	36662	42857	79519	2424	23208	2.87	CA	608	1919	7949	27662	49934
Macon	Georgia	36.0	71833	81626	153459	10735	4846	2.46	GA	682	84569	4897	3588	64117
Fishers	Indiana	34.5	42161	43910	86071	2469	6138	2.8	IN	0	6873	3409	7571	73361
Brandon	Florida	36.1	55679	58289	113968	9417	16390	2.64	FL	1921	23475	26224	9440	80811
Marysville	Washington	33.2	33436	33337	66773	5714	7721	2.79	WA	3260	1800	7142	6185	58894
Schenectady	New York	36.7	32398	32901	65299	3388	10961	2.82	NY	1059	15640	5957	5140	40278
Erie	Pennsylvania	35.3	48618	50852	99470	7093	6275	2.31	PA	913	20564	7859	3306	78636
Kendall	Florida	40.2	36658	39808	76466	1678	31180	2.81	FL	0	2937	47521	3650	70266
Albany	New York	32.8	47627	50825	98452	3643	11948	2.08	NY	1611	31303	9368	8090	58368
Saint Charles	Missouri	34.9	32054	36747	68801	4371	5274	2.33	MO	681	6842	4070	3392	58662
Hartford	Connecticut	31.0	58042	65972	124014	3130	28467	2.59	CT	2451	49939	55959	4105	46529
Jersey City	New Jersey	34.3	131765	132512	264277	4374	109186	2.57	NJ	3356	65051	79718	67610	99300
Cleveland	Ohio	36.0	186436	201623	388059	19849	18830	2.24	OH	6140	205395	40603	10102	166958
Thornton	Colorado	33.1	65482	67977	133459	7261	17949	2.97	CO	2967	4569	49241	7034	119264
Columbia	South Carolina	28.0	67686	65707	133393	5708	6074	2.32	SC	1420	56398	7545	3501	73232
Enterprise	Nevada	34.1	69146	66328	135474	7526	31173	2.89	NV	2777	14637	25307	35444	85505
Houston	Texas	32.6	1149686	1148942	2298628	71898	696210	2.66	TX	13157	529431	1028148	173854	1386389
Oceanside	California	39.4	87482	88232	175714	18051	37492	2.72	CA	2452	11907	62100	20882	137533
Orange	California	35.0	67337	73658	140995	3993	34550	3.14	CA	658	2853	46255	22457	100083
New Bedford	Massachusetts	38.6	43793	51166	94959	4185	19024	2.39	MA	346	8890	18336	1811	63938
Carlsbad	California	42.1	55119	58347	113466	6031	17689	2.68	CA	1513	876	12969	11948	98705
Berkeley	California	32.5	60142	60829	120971	3736	25000	2.35	CA	1868	11255	15429	27089	82949
Melbourne	Florida	43.4	39180	40956	80136	8363	9685	2.37	FL	251	11721	6060	5186	65397
Huntsville	Alabama	38.1	91764	97350	189114	16637	12691	2.18	AL	1755	61561	10887	6566	121904
Turlock	California	36.2	33190	39103	72293	3397	14686	2.76	CA	1187	2307	23559	5232	59308
Gainesville	Florida	26.0	60803	69330	130133	4788	15272	2.33	FL	740	32912	12208	11963	87612
Champaign	Illinois	28.7	43326	42760	86086	3734	12261	2.25	IL	0	16163	4015	11746	58099
Inglewood	California	34.9	52995	58661	111656	2703	34171	3.12	CA	1395	44991	60873	2712	33966
Saint Joseph	Missouri	35.7	37688	38408	76096	5846	3755	2.58	MO	1018	6964	5400	1271	68293
Tulsa	Oklahoma	35.0	197437	205654	403091	24672	43751	2.37	OK	42129	72643	61217	16318	279127
North Las Vegas	Nevada	32.2	116350	118443	234793	17256	49815	3.31	NV	4739	54093	94804	20273	137357
San Jose	California	36.5	518317	508602	1026919	27269	401493	3.13	CA	13776	41721	331232	385198	442798
Irvine	California	34.6	125411	131516	256927	5532	116366	2.73	CA	799	8670	19266	126499	127358
Columbus	Ohio	32.5	413981	435086	849067	40238	101129	2.4	OH	11496	256764	46855	48974	549468
Syracuse	New York	30.3	69462	74690	144152	5845	17733	2.39	NY	3606	46026	13368	9386	88679
Palm Bay	Florida	40.7	51767	56128	107895	10942	12070	2.82	FL	1603	20891	16841	1124	84328
Vacaville	California	35.8	50091	46703	96794	9064	10577	2.9	CA	3140	18023	23395	9273	66825
Broomfield	Colorado	36.8	31755	33310	65065	3966	5316	2.53	CO	601	1154	8065	5193	58341
Memphis	Tennessee	34.1	312237	343523	655760	31189	43318	2.55	TN	4127	420983	46621	15778	202961
Appleton	Wisconsin	35.6	37217	38038	75255	4219	4454	2.49	WI	835	3407	5139	5561	64674
Green Bay	Wisconsin	32.9	52517	52704	105221	5519	9813	2.37	WI	6547	7561	16786	5652	82033
Upland	California	39.7	36226	40221	76447	2898	16552	2.77	CA	1068	5717	30787	9182	46704
Saint Paul	Minnesota	31.5	149547	151293	300840	10548	56514	2.58	MN	6858	54665	27307	58174	191369
Huntington Beach	California	41.6	99967	101960	201927	10454	35368	2.67	CA	2843	4027	42303	29095	156071
Rochester	Minnesota	35.0	54934	57282	112216	6888	17763	2.55	MN	1172	9425	6617	9839	93477
New Rochelle	New York	40.6	38871	40967	79838	2780	26960	2.85	NY	645	17723	23548	4218	44435
Santa Monica	California	40.6	46732	46487	93219	2008	24448	2.0	CA	2197	9663	14973	13283	70365
Bloomington	Indiana	23.5	40588	43227	83815	2368	10033	2.33	IN	912	5133	3643	9801	71200
Durham	North Carolina	33.2	121153	136445	257598	12528	38642	2.4	NC	3154	108088	36304	15740	127680
Indio	California	35.9	43803	43723	87526	3647	22538	3.08	CA	1112	3300	58852	2866	48562
Rock Hill	South Carolina	34.5	33324	38243	71567	4755	2413	2.29	SC	610	28204	2845	1073	41652
Ames	Iowa	23.0	33814	31238	65052	2265	8606	2.16	IA	0	1103	2024	8979	56157
New Orleans	Louisiana	35.9	185736	203881	389617	17388	21679	2.41	LA	2496	234645	21850	13349	140314
Warwick	Rhode Island	42.6	39289	42409	81698	5799	5318	2.4	RI	0	1212	4723	2685	76999
Spring Hill	Florida	45.1	48295	54902	103197	9737	7893	2.58	FL	1254	7689	15838	2409	91742
Tallahassee	Florida	26.2	89390	100504	189894	9575	16720	2.38	FL	1368	69135	13538	10035	112800
Lynchburg	Virginia	28.7	38614	41198	79812	4322	4364	2.48	VA	1024	23271	2689	2910	53727
Lynwood	California	29.4	35634	36371	72005	776	28061	4.43	CA	0	5346	63377	994	48670
Camarillo	California	40.8	31941	35682	67623	4384	9735	2.77	CA	742	1219	16186	7198	59702
Naperville	Illinois	38.5	71365	75794	147159	4545	30399	2.76	IL	449	9031	4928	31221	108937
Stockton	California	32.5	150976	154674	305650	12822	79583	3.16	CA	19834	41161	128216	76859	170878
Lawrence	Kansas	27.4	45592	48324	93916	2986	8701	2.53	KS	4239	5777	6435	6547	79793
Lexington-Fayette  county	Kentucky	34.4	154032	160456	314488	16661	28613	2.34	KY	3187	51493	21766	14066	249339
Wichita Falls	Texas	34.0	55775	48934	104709	7800	9855	2.41	TX	1503	14529	23061	3688	82860
Beaverton	Oregon	35.6	47325	49252	96577	4645	18933	2.46	OR	905	3100	15452	10538	80975
Flagstaff	Arizona	23.9	33224	37093	70317	3667	4262	2.55	AZ	5117	3144	13606	2646	58696
Cape Coral	Florida	45.0	85626	89604	175230	14446	24185	2.85	FL	1040	7311	33016	3314	163396
Oklahoma City	Oklahoma	34.1	309227	322036	631263	41843	80165	2.58	OK	41696	111673	117362	33759	462306
McAllen	Texas	32.3	68332	71921	140253	4356	37691	3.19	TX	664	3332	113829	5575	107763
Odessa	Texas	31.2	61119	57861	118980	5509	15845	2.92	TX	1134	7647	63586	2252	106944
Toledo	Ohio	36.1	135455	144323	279778	15286	9257	2.29	OH	3942	85552	23614	6850	188325
Carrollton	Texas	36.9	66928	66218	133146	5720	35327	2.78	TX	812	10923	46850	18456	102948
Lafayette	Louisiana	31.7	64018	63643	127661	5206	5396	2.54	LA	1183	39862	6556	2776	85282
Gresham	Oregon	36.7	53866	56716	110582	6326	17860	2.67	OR	2084	7721	23576	6641	94904
Menifee	California	37.1	42866	44297	87163	6821	12481	3.06	CA	1639	7773	29790	7108	62331
Livermore	California	36.7	41522	46595	88117	3063	13959	2.91	CA	941	3199	19582	14116	73440
Edmond	Oklahoma	32.5	45191	44899	90090	5006	5585	2.68	OK	8051	4987	6187	5349	78979
Baltimore	Maryland	34.7	294027	327822	621849	29540	49857	2.51	MD	7730	396270	29953	20161	207274
Layton	Utah	29.5	37748	36394	74142	3811	4268	3.24	UT	1674	2710	10123	2889	65333
Roseville	California	38.4	62591	67691	130282	8386	18161	2.72	CA	2635	4413	23499	18171	103853
Rancho Cucamonga	California	34.5	88127	87105	175232	5821	33878	3.18	CA	2789	24437	65823	24519	111832
North Charleston	South Carolina	30.7	56549	55315	111864	9651	8789	2.82	SC	1042	56734	12975	4181	48956
Riverview	Florida	32.2	44210	45536	89746	6943	12240	3.22	FL	726	15159	23317	3582	60793
Plantation	Florida	40.6	42881	49674	92555	4037	27902	2.73	FL	0	19670	26401	3954	66970
Lubbock	Texas	29.2	122320	126731	249051	10588	14226	2.61	TX	7627	23594	90706	7508	206318
Alhambra	California	41.0	42184	43388	85572	1673	44441	2.89	CA	687	1905	31386	44067	20811
Renton	Washington	36.3	52779	47468	100247	5032	28962	2.57	WA	2338	12265	15392	22550	58251
Grand Rapids	Michigan	32.1	95669	99430	195099	8972	19176	2.56	MI	3436	42256	31282	6057	143702
Miami	Florida	40.4	215840	225149	440989	7233	260789	2.5	FL	1571	87331	319942	4613	338232
Orlando	Florida	33.1	130940	139977	270917	12782	50558	2.42	FL	2374	68081	89306	11124	179121
Sacramento	California	33.7	237724	252991	490715	19698	112579	2.73	CA	10145	77439	150153	105063	268151
Vancouver	Washington	37.2	82958	89895	172853	12391	21748	2.49	WA	4541	7520	23184	10882	149863
Rancho Cordova	California	33.8	34844	36182	71026	4590	17020	2.86	CA	1940	9307	13970	12653	47757
South Jordan	Utah	33.8	33669	32970	66639	2595	6142	3.61	UT	0	0	4672	2487	59046
Trenton	New Jersey	33.3	42581	41650	84231	2604	20428	3.04	NJ	98	43471	30613	1437	37683
Arlington Heights	Illinois	45.9	37627	39369	76996	3027	14630	2.38	IL	0	1222	2742	9975	66285
Deltona	Florida	39.9	44853	43621	88474	5664	7098	2.89	FL	651	12056	31357	1292	75686
Kansas City	Kansas	33.4	74606	76655	151261	8139	25507	2.71	KS	2749	40177	44342	7301	96113
Charleston	South Carolina	35.0	63956	71568	135524	9368	5767	2.4	SC	633	29998	3929	2773	104016
Flower Mound	Texas	40.2	35200	35824	71024	4217	6860	3.01	TX	1095	3559	6149	6577	61433
Bloomington	Illinois	35.1	37972	40323	78295	3888	7287	2.34	IL	182	11240	3461	6549	60652
Florence-Graham	California	30.2	34186	32173	66359	416	28696	4.57	CA	0	5060	60895	0	30591
Little Rock	Arkansas	36.6	96997	100989	197986	12343	16640	2.36	AR	961	85606	15500	8423	102312
Temecula	California	34.2	54407	57619	112026	7587	18884	3.34	CA	2236	5698	36246	14532	85130
Greenville	North Carolina	26.2	39897	50691	90588	4283	4183	2.4	NC	917	37355	4409	2787	50289
Santa Fe	New Mexico	44.1	40601	43511	84112	5083	13824	2.41	NM	2960	1284	45884	1878	75494
Baton Rouge	Louisiana	31.2	111492	117104	228596	10633	12268	2.52	LA	1119	122634	7428	7442	96730
Raleigh	North Carolina	32.8	219184	232765	451949	16747	65125	2.42	NC	3955	138242	51786	24865	275892
Montgomery	Alabama	35.4	94582	106004	200586	14955	9337	2.41	AL	1277	121360	6648	6518	73545
Meridian	Idaho	38.0	43353	47400	90753	5640	8110	2.54	ID	492	1809	6596	2693	84625
The Villages	Florida	70.5	0	0	72590	15231	4034	0.0	FL	0	331	1066	0	72211
West Valley City	Utah	30.7	68235	67989	136224	4880	30712	3.81	UT	4851	3222	44080	9550	89145
Delray Beach	Florida	47.9	32219	34042	66261	4232	16639	2.35	FL	0	21138	6397	1696	40980
Citrus Heights	California	37.8	41982	45071	87053	6171	9466	2.49	CA	1514	5979	14661	3615	77525
Elgin	Illinois	35.7	54852	56224	111076	4024	30167	2.97	IL	789	7528	48221	7606	76126
Bridgeport	Connecticut	34.1	71509	76110	147619	4646	44475	2.86	CT	2527	53770	59036	8546	68007
Youngs	Ohio	37.5	30758	33851	64609	3620	1058	2.22	OH	875	31725	7564	247	33031
Orem	Utah	26.1	48695	45762	94457	2828	12808	3.26	UT	976	1837	18342	3862	85512
Fort Lauderdale	Florida	42.8	93948	84639	178587	8897	47582	2.38	FL	1366	62954	28148	3791	109751
Boca Raton	Florida	47.3	44760	48466	93226	4367	21117	2.22	FL	556	4527	14735	2494	80781
Warner Robins	Georgia	31.4	35093	38909	74002	6974	3210	2.5	GA	1309	29307	5378	2723	42306
Lafayette	Indiana	33.5	34313	36857	71170	5045	5697	2.19	IN	0	6752	9151	1167	63157
Brownsville	Texas	30.6	87689	96199	183888	4211	53301	3.48	TX	1165	1239	170041	1589	174670
Allen	Texas	37.2	51324	46814	98138	3505	19649	3.04	TX	227	13140	10615	15790	69840
Victoria	Texas	35.8	32290	35291	67581	5000	4480	2.7	TX	0	6058	34409	2032	58798
Sunrise	Florida	37.7	41471	51235	92706	4108	38209	2.98	FL	0	33951	29163	3501	54976
Pharr	Texas	26.9	35242	41293	76535	1376	25532	3.67	TX	0	204	72995	0	73694
Davenport	Iowa	35.2	50123	52454	102577	7090	4065	2.39	IA	901	12761	9131	3071	88145
Glendale	Arizona	34.4	116795	123319	240114	13241	44133	2.89	AZ	4064	16254	83711	15245	202539
Everett	Washington	37.0	56212	51800	108012	7880	19499	2.36	WA	3645	8304	15889	9807	88395
Milpitas	California	36.8	40098	37519	77617	1608	39436	3.32	CA	599	2914	11815	52617	17127
High Point	North Carolina	35.5	51751	58077	109828	5204	16315	2.65	NC	1181	39369	11446	11060	58004
Lawrence	Massachusetts	30.8	37464	42776	80240	1190	29170	3.17	MA	0	9221	63175	2149	40757
East Orange	New Jersey	35.5	29995	34967	64962	1870	15164	2.85	NJ	535	57859	6368	656	3165
Alameda	California	41.4	37747	40867	78614	4504	18841	2.52	CA	1329	7364	8265	27984	44232
Des Moines	Iowa	34.5	103726	106591	210317	11780	23857	2.41	IA	3964	26353	25306	15205	168057
South Gate	California	32.5	47758	48641	96399	724	40571	3.97	CA	618	1615	91312	971	55444
San Ramon	California	39.1	39221	36911	76132	2855	29691	3.09	CA	609	2734	5449	38970	37057
Bend	Oregon	37.3	42294	44723	87017	6199	3032	2.39	OR	1818	465	8173	2726	83689
Mobile	Alabama	38.0	91275	103030	194305	11939	7234	2.4	AL	2816	96397	5229	5518	93755
Killeen	Texas	29.2	69442	71367	140809	24281	15769	2.72	TX	2362	54601	32600	8183	75823
Arvada	Colorado	41.0	54870	60165	115035	8930	4921	2.49	CO	2370	2985	16419	2922	107639
Folsom	California	40.9	41051	35317	76368	4187	13234	2.62	CA	998	3985	5822	15569	57435
Avondale	Arizona	29.1	38712	41971	80683	4815	8355	3.18	AZ	613	11592	34716	2828	62176
Fayetteville	Arkansas	27.1	41959	40873	82832	4744	6313	2.28	AR	2058	6927	5535	4707	68830
Richardson	Texas	35.5	54676	56151	110827	4797	29579	2.83	TX	1439	13256	15762	20724	76116
Aurora	Illinois	31.7	101964	101751	203715	4988	50980	3.3	IL	1179	23736	86653	17190	115903
Jackson	Mississippi	31.7	79039	91772	170811	8146	1789	2.65	MS	323	139567	3017	864	28775
Bellevue	Washington	37.4	70763	69051	139814	5382	54654	2.43	WA	1949	4151	12215	52223	82378
Hollywood	Florida	41.4	75358	74363	149721	6056	55158	2.65	FL	1010	34916	53247	4696	107916
Palmdale	California	32.6	76361	81989	158350	6388	41974	3.54	CA	2800	27398	87452	10981	73480
Riverside	California	31.4	160613	161810	322423	12373	69584	3.34	CA	5338	26147	160697	27675	225157
Akron	Ohio	38.1	96886	100667	197553	12878	10024	2.24	OH	1845	66551	3684	9033	129192
South San Francisco	California	39.4	34177	33094	67271	1839	27528	3.33	CA	535	2327	29173	23008	28135
Pasco	Washington	28.6	35298	32799	68097	2052	16265	3.45	WA	1054	2265	38883	2215	55741
Bolingbrook	Illinois	33.7	36295	35801	72096	2951	15212	3.42	IL	323	12671	16904	9788	40458
Oxnard	California	31.0	101906	105346	207252	6367	78678	4.08	CA	6241	7183	154911	18249	165423
Gastonia	North Carolina	36.9	35527	39023	74550	3537	5715	2.67	NC	603	22179	6653	2788	46362
Fayetteville	North Carolina	30.7	101051	100914	201965	28089	12863	2.5	NC	6603	90625	25080	8949	102075
Salt Lake City	Utah	32.1	98364	94296	192660	6829	32166	2.38	UT	3488	5365	40559	13153	150136
Homestead	Florida	31.4	31401	35099	66500	2287	24408	3.48	FL	0	16705	41910	0	48820
Jackson	Tennessee	35.3	30007	36973	66980	3529	2097	2.52	TN	564	30103	3383	1171	36037
Waukegan	Illinois	32.3	45514	42833	88347	3404	30997	2.92	IL	677	11697	54214	4933	65629
Topeka	Kansas	37.1	60879	66378	127257	9608	6711	2.32	KS	4804	15030	18640	3127	108035
Norfolk	Virginia	30.2	128917	117476	246393	29445	16702	2.51	VA	3259	107893	18760	11854	127741
Johns Creek	Georgia	39.0	40282	43057	83339	1983	29000	3.19	GA	826	11273	5924	24289	48414
Lynn	Massachusetts	34.8	44598	47861	92459	3093	29899	2.81	MA	1176	18240	33250	9205	50652
San Antonio	Texas	33.1	721405	748419	1469824	109089	208046	2.93	TX	20752	119542	937607	53933	1240092
Simi Valley	California	39.0	63243	63523	126766	6063	23260	3.13	CA	2474	2378	34032	14984	107898
Winston-Salem	North Carolina	34.7	112520	128712	241232	14521	24302	2.47	NC	1415	87480	38321	6484	139301
Dallas	Texas	32.6	639019	661063	1300082	41026	326825	2.59	TX	17510	322570	549966	47099	839169
Laredo	Texas	28.8	124305	131484	255789	4921	68427	3.66	TX	1253	832	243190	1963	246442
Parma	Ohio	40.8	38425	41518	79943	5028	6909	2.42	OH	876	2928	5361	974	76282
Lauderhill	Florida	35.7	32813	38761	71574	1965	25471	3.02	FL	1186	56948	6089	2662	10788
Pine Hills	Florida	29.2	35344	40737	76081	2594	20735	3.3	FL	0	57089	10496	2209	10029
Carmel	Indiana	39.9	42928	46101	89029	2723	9645	2.71	IN	0	2171	3111	11223	77178
Saint Cloud	Minnesota	30.7	34311	33942	68253	5012	5757	2.41	MN	1169	6401	2639	2494	59794
West Palm Beach	Florida	39.6	49262	57520	106782	4917	30675	2.53	FL	406	39226	26132	3191	60648
Paterson	New Jersey	34.0	70640	77117	147757	1694	49810	3.37	NJ	1083	45858	85555	9653	54885
Clovis	California	37.8	52392	51780	104172	6173	13409	2.76	CA	1876	3434	23744	14249	78029
Seattle	Washington	35.5	345659	338784	684443	29364	119840	2.13	WA	12804	61974	43060	121507	511401
Missoula	Montana	34.7	35002	36022	71024	4733	2771	2.15	MT	3618	1149	2474	2292	66504
West Covina	California	39.8	51629	56860	108489	3800	37038	3.56	CA	518	3693	58907	32716	48046
El Paso	Texas	33.1	332797	348339	681136	47693	159709	3.03	TX	7359	34473	542017	12370	587683
Hawthorne	California	33.7	43682	44762	88444	2123	32107	2.97	CA	906	21566	50115	7601	23665
Greensboro	North Carolina	35.5	132251	153093	285344	14011	26667	2.36	NC	3688	124108	22147	12683	144930
Las Cruces	New Mexico	32.7	47835	53809	101644	9421	11888	2.58	NM	2368	3825	60614	3266	91201
El Monte	California	37.3	57961	58784	116745	1686	59655	3.67	CA	718	307	77523	33384	64138
Minneapolis	Minnesota	32.4	206547	204388	410935	15217	70769	2.26	MN	9238	89996	39981	33854	277862
Pembroke Pines	Florida	40.3	77050	89574	166624	6849	62210	2.94	FL	1076	34507	60519	12910	113624
Albuquerque	New Mexico	36.0	273323	285808	559131	37443	58200	2.49	NM	32243	26774	271854	25140	411847
Sugar Land	Texas	42.1	43889	44240	88129	4377	31169	2.95	TX	0	8993	7835	33469	44555
Philadelphia	Pennsylvania	34.1	741270	826172	1567442	61995	205339	2.61	PA	17500	691186	219038	122721	688130
Yuma	Arizona	33.4	48298	45847	94145	7182	19326	2.64	AZ	1228	3731	57054	1180	69691
Camden	New Jersey	27.9	36437	39694	76131	1425	11317	3.0	NJ	0	35237	41473	1686	19907
Guaynabo	Puerto Rico	42.2	33066	37426	70492	0	0	0.0	PR	589	0	69936	0	0
Concord	California	39.6	62310	66358	128668	6287	37428	2.72	CA	1447	6150	41400	17453	92575
Norwalk	California	35.0	53125	54020	107145	3027	39396	3.88	CA	1165	5195	76020	16189	46998
Atascocita	Texas	32.8	37424	40816	78240	4416	8657	3.03	TX	1024	21491	20441	2441	50630
San Bernardino	California	28.5	108671	107466	216137	7741	55135	3.55	CA	4520	36393	136214	12981	123174
Worcester	Massachusetts	34.9	90951	93855	184806	9408	36907	2.43	MA	1917	27491	39000	15932	131898
Cedar Park	Texas	34.4	31248	33589	64837	3090	5207	3.05	TX	219	3667	11872	5654	56991
Amarillo	Texas	33.8	99391	100260	199651	11008	21124	2.64	TX	4260	14050	65392	8563	174214
Chesapeake	Virginia	36.7	114964	120465	235429	29772	13966	2.73	